日付,合計,専用ダイヤル累計,相談対応件数,相談対応件数累計,女性,男性,非公表,陽性数,累積陽性数
2020-01-16,0,0,0,0,0,1,0,1,1
2020-01-25,11,11,0,0,0,0,0,0,1
2020-01-26,12,23,0,0,0,0,0,0,1
2020-01-27,38,61,0,0,0,0,0,0,1
2020-01-28,37,98,0,0,0,0,0,0,1
2020-01-29,73,171,0,0,0,0,0,0,1
2020-01-30,103,274,0,0,0,0,0,0,1
2020-01-31,124,398,0,0,0,0,0,0,1
2020-02-01,65,463,0,0,0,0,0,0,1
2020-02-02,58,521,0,0,0,0,0,0,1
2020-02-03,114,635,0,0,0,0,0,0,1
2020-02-04,84,719,0,0,0,0,0,0,1
2020-02-05,88,807,0,0,0,0,0,0,1
2020-02-06,79,886,0,0,0,0,0,0,1
2020-02-07,81,967,0,0,0,0,0,0,1
2020-02-08,45,1012,0,0,0,0,0,0,1
2020-02-09,29,1041,0,0,0,0,0,0,1
2020-02-10,87,1128,50,50,0,0,0,0,1
2020-02-11,48,1176,15,65,0,1,0,1,2
2020-02-12,66,1242,64,129,0,0,0,0,2
2020-02-13,48,1290,60,189,1,0,0,1,3
2020-02-14,278,1568,155,344,0,1,0,1,4
2020-02-15,244,1812,139,483,0,0,0,0,4
2020-02-16,230,2042,87,570,0,0,0,0,4
2020-02-17,349,2391,457,1027,1,0,0,1,5
2020-02-18,274,2665,551,1578,0,1,0,1,6
2020-02-19,294,2959,581,2159,0,2,0,2,8
2020-02-20,252,3211,524,2683,1,1,0,2,10
2020-02-21,297,3508,564,3247,2,1,0,3,13
2020-02-22,259,3767,316,3563,0,1,0,1,14
2020-02-23,279,4046,293,3856,0,0,0,0,14
2020-02-24,371,4417,358,4214,3,1,0,4,18
2020-02-25,440,4857,1017,5231,0,0,0,0,18
2020-02-26,336,5193,871,6102,0,1,0,1,19
2020-02-27,387,5580,878,6980,1,2,0,3,22
2020-02-28,346,5926,860,7840,1,1,0,2,24
2020-02-29,326,6252,369,8209,0,0,0,0,24
2020-03-01,344,6596,405,8614,2,1,0,3,27
2020-03-02,376,6972,1274,9888,1,3,0,4,31
2020-03-03,362,7334,924,10812,1,0,0,1,32
2020-03-04,262,7596,985,11797,0,0,0,0,32
2020-03-05,296,7892,845,12642,1,2,0,3,35
2020-03-06,308,8200,830,13472,1,5,0,6,41
2020-03-07,271,8471,450,13922,0,1,0,1,42
2020-03-08,270,8741,377,14299,0,0,0,0,42
2020-03-09,457,9198,1218,15517,0,0,0,0,42
2020-03-10,335,9533,904,16421,1,1,0,2,44
2020-03-11,266,9799,830,17251,2,1,0,3,47
2020-03-12,284,10083,790,18041,1,2,0,3,50
2020-03-13,283,10366,851,18892,0,1,0,1,51
2020-03-14,217,10583,339,19231,0,0,0,0,51
2020-03-15,218,10801,318,19549,3,3,0,6,57
2020-03-16,284,11085,1085,20634,0,0,0,0,57
2020-03-17,268,11353,766,21400,3,1,0,4,61
2020-03-18,281,11634,748,22148,0,1,0,1,62
2020-03-19,259,11893,774,22922,1,5,0,6,68
2020-03-20,209,12102,282,23204,1,1,0,2,70
2020-03-21,219,12321,407,23611,1,3,0,4,74
2020-03-22,195,12516,275,23886,2,3,0,5,79
2020-03-23,285,12801,932,24818,0,0,0,0,79
2020-03-24,255,13056,650,25468,3,3,0,6,85
2020-03-25,319,13375,772,26240,1,3,0,4,89
2020-03-26,470,13845,928,27168,1,5,0,6,95
2020-03-27,366,14211,1187,28355,4,7,0,11,106
2020-03-28,458,14669,626,28981,3,9,0,12,118
2020-03-29,397,15066,507,29488,4,5,0,9,127
2020-03-30,479,15545,1712,31200,1,2,0,3,130
2020-03-31,422,15967,1392,32592,9,5,0,14,144
2020-04-01,305,16272,1508,34100,8,11,0,19,163
2020-04-02,306,16578,1766,35866,9,16,0,25,188
2020-04-03,361,16939,1792,37658,14,17,0,31,219
2020-04-04,383,17322,1037,38695,5,16,0,21,240
2020-04-05,439,17761,802,39497,11,16,0,27,267
2020-04-06,447,18208,2188,41685,0,6,0,6,273
2020-04-07,332,18540,1901,43586,6,12,0,18,291
2020-04-08,397,18937,1878,45464,26,38,0,64,355
2020-04-09,500,19437,1936,47400,12,16,0,28,383
2020-04-10,439,19876,1897,49297,25,30,0,55,438
2020-04-11,503,20379,915,50212,32,44,0,76,514
2020-04-12,491,20870,797,51009,12,19,0,31,545
2020-04-13,461,21331,2283,53292,9,6,0,15,560
2020-04-14,465,21796,2059,55351,11,9,0,20,580
2020-04-15,411,22207,1944,57295,8,32,0,40,620
2020-04-16,390,22597,2024,59319,26,29,0,55,675
2020-04-17,424,23021,1918,61237,15,19,0,34,709
2020-04-18,405,23426,1006,62243,14,30,0,44,753
2020-04-19,388,23814,827,63070,11,19,0,30,783
2020-04-20,504,24318,2062,65132,3,13,0,16,799
2020-04-21,462,24780,1719,66851,5,9,0,14,813
2020-04-22,517,25297,1644,68495,15,10,0,25,838
2020-04-23,597,25894,1607,70102,18,21,0,39,877
2020-04-24,619,26513,1930,72032,17,15,0,32,909
2020-04-25,551,27064,1074,73106,11,20,0,31,940
2020-04-26,509,27573,863,73969,10,6,0,16,956
2020-04-27,747,28320,1950,75919,3,4,0,7,963
2020-04-28,540,28860,1496,77415,5,5,0,10,973
2020-04-29,466,29326,956,78371,8,18,0,26,999
2020-04-30,535,29861,1831,80202,16,10,0,26,1025
2020-05-01,524,30385,1557,81759,10,5,0,15,1040
2020-05-02,379,30764,1068,82827,27,9,0,36,1076
2020-05-03,343,31107,809,83636,14,9,0,23,1099
2020-05-04,376,31483,1125,84761,4,6,0,10,1109
2020-05-05,356,31839,1025,85786,9,5,0,14,1123
2020-05-06,515,32354,1108,86894,2,5,0,7,1130
2020-05-07,521,32875,1724,88618,7,6,0,13,1143
2020-05-08,349,33224,1230,89848,4,3,0,7,1150
2020-05-09,389,33613,1266,91114,3,5,0,8,1158
2020-05-10,341,33954,910,92024,9,4,0,13,1171
2020-05-11,473,34427,1945,93969,3,4,0,7,1178
2020-05-12,357,34784,1256,95225,6,9,0,15,1193
2020-05-13,306,35090,1254,96479,5,5,0,10,1203
2020-05-14,279,35369,1184,97663,22,10,0,32,1235
2020-05-15,295,35664,1122,98785,9,7,0,16,1251
2020-05-16,198,35862,704,99489,8,4,0,12,1263
2020-05-17,195,36057,602,100091,2,3,0,5,1268
2020-05-18,310,36367,1249,101340,4,4,0,8,1276
2020-05-19,242,36609,882,102222,5,3,0,8,1284
2020-05-20,180,36789,743,102965,9,9,0,18,1302
2020-05-21,202,36991,717,103682,4,9,0,13,1315
2020-05-22,196,37187,636,104318,4,3,0,7,1322
2020-05-23,136,37323,517,104835,2,3,0,5,1327
2020-05-24,104,37427,406,105241,3,2,0,5,1332
2020-05-25,207,37634,891,106132,0,1,0,1,1333
2020-05-26,173,37807,678,106810,2,1,0,3,1336
2020-05-27,150,37957,721,107531,4,1,0,5,1341
2020-05-28,127,38084,636,108167,3,5,0,8,1349
2020-05-29,159,38243,806,108973,3,7,0,10,1359
2020-05-30,110,38353,513,109486,1,3,0,4,1363
2020-05-31,97,38450,512,109998,5,1,0,6,1369
2020-06-01,191,38641,927,110925,0,1,0,1,1370
2020-06-02,182,38823,832,111757,1,2,0,3,1373
2020-06-03,177,39000,944,112701,0,2,0,2,1375
2020-06-04,216,39216,943,113644,1,5,0,6,1381
2020-06-05,149,39365,991,114635,3,3,0,6,1387
2020-06-06,147,39512,640,115275,2,3,0,5,1392
2020-06-07,153,39665,502,115777,4,1,0,5,1397
2020-06-08,232,39897,1068,116845,0,0,1,1,1398
2020-06-09,138,40035,767,117612,0,1,0,1,1399
2020-06-10,138,40173,694,118306,0,0,1,1,1400
2020-06-11,142,40315,603,118909,1,0,0,1,1401
2020-06-12,113,40428,634,119543,1,2,0,3,1404
2020-06-13,82,40510,403,119946,3,3,0,6,1410
2020-06-14,86,40596,458,120404,0,0,1,1,1411
2020-06-15,171,40767,814,121218,2,1,0,3,1414
2020-06-16,95,40862,618,121836,0,2,0,2,1416
2020-06-17,137,40999,582,122418,3,4,0,7,1423
2020-06-18,104,41103,558,122976,1,5,0,6,1429
2020-06-19,113,41216,507,123483,2,0,0,2,1431
2020-06-20,88,41304,421,123904,2,3,0,5,1436
2020-06-21,85,41389,377,124281,0,0,1,1,1437
2020-06-22,146,41535,729,125010,0,0,1,1,1438
2020-06-23,111,41646,574,125584,1,0,0,1,1439
2020-06-24,119,41765,598,126182,3,1,0,4,1443
2020-06-25,141,41906,581,126763,3,3,0,6,1449
2020-06-26,97,42003,643,127406,1,6,0,7,1456
2020-06-27,100,42103,479,127885,0,4,0,4,1460
2020-06-28,98,42201,438,128323,3,6,0,9,1469
2020-06-29,152,42353,979,129302,3,4,0,7,1476
2020-06-30,134,42487,781,130083,1,30,0,31,1507
2020-07-01,152,42639,831,130914,2,4,0,6,1513
2020-07-02,169,42808,822,131736,7,6,0,13,1526
2020-07-03,147,42955,892,132628,15,9,0,24,1550
2020-07-04,132,43087,715,133343,12,8,0,20,1570
2020-07-05,146,43233,623,133966,11,9,0,20,1590
2020-07-06,237,43470,1365,135331,0,11,0,11,1601
2020-07-07,197,43667,1069,136400,5,4,0,9,1610
2020-07-08,199,43866,1057,137457,8,15,0,23,1633
2020-07-09,187,44053,1125,138582,11,14,0,25,1658
2020-07-10,212,44265,1262,139844,15,17,0,32,1690
2020-07-11,176,44441,964,140808,17,17,0,34,1724
2020-07-12,173,44614,916,141724,14,10,0,24,1748
2020-07-13,281,44895,1837,143561,7,9,0,16,1764
2020-07-14,280,45175,1550,145111,14,11,1,26,1790
2020-07-15,0,0,0,0,21,20,0,41,1831
